4388576018402626
5490123456789128
4388576018410707
4226610081169571
3756816512161515
6598156156165156
004
005
006
0037
001
5564564

4556443985096249
4532490130177027
4872229942657026
4485664397248591
4532716601603095
4929373876667651

5483429059012878
5124710941822367
5591330937779507
5537538941421471
5285606799287098
5203316333196172

373025858858430
373868046043179
374893294266032
375577400395277
372988244909889

6011818740391627
6011783412179876
6011811675541373
6011800857885708
6011904390073358
6011980675192147